               Arithman      Astronom      Herbolog      Defense       Divinati      Muggle S      Ancient       History       Transfig       Potions      Care of         Charms        Flying

Count:           1565          1567          1566          1568          1560          1564          1564          1556          1565          1569          1559          1599          1599
Mean:      49653.3284       39.5057        1.1451       -0.3849        3.1522     -224.3329      495.7019        2.9690     1030.1639        5.9535       -0.0542     -243.3688       21.8191
Std:       16668.6063      520.3364        5.2189        5.2132        4.1561      486.3941      106.3035        4.4211       44.0595        3.1465        0.9713        8.7836       97.5038
Min:      -24370.0000     -966.7405      -10.2957      -10.1621       -8.7270    -1086.4968      283.8696       -8.8590      906.6273       -4.6975       -3.3137     -261.0489     -181.4700
25%:       38516.0000     -489.6090       -4.3029       -5.2602        3.0965     -577.5765      397.4732        2.2225     1026.3248        3.6524       -0.6722     -250.6466      -41.9000
50%:       49018.0000      258.9342        3.4777       -2.5811        4.6225     -418.9126      463.6112        4.3789     1045.5333        5.8776       -0.0463     -244.8675       -2.5200
75%:       60828.0000      525.1511        5.4201        4.9052        5.6663      255.9405      597.5452        5.8280     1058.4454        8.2488        0.5883     -232.5471       50.3400
Max:      104956.0000     1016.2119       11.6129        9.6674       10.0320     1092.3886      745.3962       11.8897     1098.9582       13.5368        3.0565     -225.4281      279.0700
Var:   277842436.4407   270749.9397       27.2367       27.1772       17.2729   236579.1946    11300.4361       19.5461     1941.2383        9.9002        0.9434       77.1510     9506.9920
IQR:       22312.0000     1014.7601        9.7230       10.1654        2.5698      833.5170      200.0720        3.6055       32.1206        4.5963        1.2605       18.0995       92.2400
Skew:         -0.0419       -0.0933       -0.3996        0.0920       -1.3769        0.8231        0.0346       -1.0481       -1.2302       -0.0251       -0.0605        0.3890        0.8834
Kurt:          0.2625       -1.7105       -1.3901       -1.7108        0.5675       -0.7251       -1.5918       -0.0630        0.2337       -0.5197        0.0053       -1.0890       -0.1464
dtype:        float64       float64       float64       float64       float64       float64       float64       float64       float64       float64       float64       float64       float64
