               Arithman      Astronom      Herbolog      Defense       Divinati      Muggle S      Ancient       History       Transfig       Potions      Care of         Charms        Flying

Count:           1566          1568          1567          1569          1561          1565          1565          1557          1566          1570          1560          1600          1600
Mean:      49634.5702       39.7971        1.1410       -0.3879        3.1539     -224.5899      495.7480        2.9631     1030.0969        5.9504       -0.0534     -243.3744       21.9580
Std:       16679.8060      520.2983        5.2197        5.2128        4.1553      486.3448      106.2852        4.4258       44.1251        3.1479        0.9715        8.7836       97.6316
Min:      -24370.0000     -966.7405      -10.2957      -10.1621       -8.7270    -1086.4968      283.8696       -8.8590      906.6273       -4.6975       -3.3137     -261.0489     -181.4700
25%:       38511.5000     -489.5514       -4.3082       -5.2591        3.0990     -577.5801      397.5110        2.2187     1026.2100        3.6468       -0.6716     -250.6526      -41.8700
50%:       49013.5000      260.2894        3.4690       -2.5893        4.6240     -419.1643      463.9183        4.3782     1045.5070        5.8748       -0.0448     -244.8678       -2.5150
75%:       60811.2500      524.7719        5.4192        4.9047        5.6670      254.9949      597.4922        5.8252     1058.4364        8.2482        0.5899     -232.5523       50.5600
Max:      104956.0000     1016.2119       11.6129        9.6674       10.0320     1092.3886      745.3962       11.8897     1098.9582       13.5368        3.0565     -225.4281      279.0700
